LayerName,LayerType,BenchmarkName,RealTime(ms),Theoretical Flops
resnetv19_batchnorm0_fwd,BatchNorm,BATCHNORM_FWD_INFERENCE14956977587163264035<CUDNN_BAT...,16.344691,205520896
resnetv19_relu0_fwd,Relu,ACTIVATION_FWD9583543823496601561<CUDNN_ACTIVATION_RE...,9.163909,308281344
resnetv19_stage1_batchnorm0_fwd,BatchNorm,BATCHNORM_FWD_INFERENCE14639808687571574663<CUDNN_BAT...,4.073350,51380224
resnetv19_stage1_relu0_fwd,Relu,ACTIVATION_FWD9242866265924482173<CUDNN_ACTIVATION_RE...,2.327430,77070336
resnetv19_stage1_batchnorm1_fwd,BatchNorm,BATCHNORM_FWD_INFERENCE14639808687571574663<CUDNN_BAT...,4.073350,51380224
resnetv19_stage1_relu1_fwd,Relu,ACTIVATION_FWD9242866265924482173<CUDNN_ACTIVATION_RE...,2.327430,77070336
resnetv19_stage1_batchnorm2_fwd,BatchNorm,BATCHNORM_FWD_INFERENCE7342692363450781667<CUDNN_BATC...,16.335555,205520896
resnetv19_stage1_batchnorm3_fwd,BatchNorm,BATCHNORM_FWD_INFERENCE7342692363450781667<CUDNN_BATC...,16.335555,205520896
resnetv19_stage1_activation0,Relu,ACTIVATION_FWD3352989603140871193<CUDNN_ACTIVATION_RE...,9.163170,308281344
resnetv19_stage1_batchnorm4_fwd,BatchNorm,BATCHNORM_FWD_INFERENCE14639808687571574663<CUDNN_BAT...,4.073350,51380224
resnetv19_stage1_relu2_fwd,Relu,ACTIVATION_FWD9242866265924482173<CUDNN_ACTIVATION_RE...,2.327430,77070336
resnetv19_stage1_batchnorm5_fwd,BatchNorm,BATCHNORM_FWD_INFERENCE14639808687571574663<CUDNN_BAT...,4.073350,51380224
resnetv19_stage1_relu3_fwd,Relu,ACTIVATION_FWD9242866265924482173<CUDNN_ACTIVATION_RE...,2.327430,77070336
resnetv19_stage1_batchnorm6_fwd,BatchNorm,BATCHNORM_FWD_INFERENCE7342692363450781667<CUDNN_BATC...,16.335555,205520896
resnetv19_stage1_activation1,Relu,ACTIVATION_FWD3352989603140871193<CUDNN_ACTIVATION_RE...,9.163170,308281344
resnetv19_stage1_batchnorm7_fwd,BatchNorm,BATCHNORM_FWD_INFERENCE14639808687571574663<CUDNN_BAT...,4.073350,51380224
resnetv19_stage1_relu4_fwd,Relu,ACTIVATION_FWD9242866265924482173<CUDNN_ACTIVATION_RE...,2.327430,77070336
resnetv19_stage1_batchnorm8_fwd,BatchNorm,BATCHNORM_FWD_INFERENCE14639808687571574663<CUDNN_BAT...,4.073350,51380224
resnetv19_stage1_relu5_fwd,Relu,ACTIVATION_FWD9242866265924482173<CUDNN_ACTIVATION_RE...,2.327430,77070336
resnetv19_stage1_batchnorm9_fwd,BatchNorm,BATCHNORM_FWD_INFERENCE7342692363450781667<CUDNN_BATC...,16.335555,205520896
resnetv19_stage1_activation2,Relu,ACTIVATION_FWD3352989603140871193<CUDNN_ACTIVATION_RE...,9.163170,308281344
resnetv19_stage2_batchnorm0_fwd,BatchNorm,BATCHNORM_FWD_INFERENCE1527544652351167844<CUDNN_BATC...,2.051024,25690112
resnetv19_stage2_relu0_fwd,Relu,ACTIVATION_FWD6799485797667927710<CUDNN_ACTIVATION_RE...,1.167922,38535168
resnetv19_stage2_batchnorm1_fwd,BatchNorm,BATCHNORM_FWD_INFERENCE1527544652351167844<CUDNN_BATC...,2.051024,25690112
resnetv19_stage2_relu1_fwd,Relu,ACTIVATION_FWD6799485797667927710<CUDNN_ACTIVATION_RE...,1.167922,38535168
resnetv19_stage2_batchnorm2_fwd,BatchNorm,BATCHNORM_FWD_INFERENCE12927673252549650035<CUDNN_BAT...,8.121146,102760448
resnetv19_stage2_batchnorm3_fwd,BatchNorm,BATCHNORM_FWD_INFERENCE12927673252549650035<CUDNN_BAT...,8.121146,102760448
resnetv19_stage2_activation0,Relu,ACTIVATION_FWD17872007209646640521<CUDNN_ACTIVATION_R...,4.614092,154140672
resnetv19_stage2_batchnorm4_fwd,BatchNorm,BATCHNORM_FWD_INFERENCE1527544652351167844<CUDNN_BATC...,2.051024,25690112
resnetv19_stage2_relu2_fwd,Relu,ACTIVATION_FWD6799485797667927710<CUDNN_ACTIVATION_RE...,1.167922,38535168
resnetv19_stage2_batchnorm5_fwd,BatchNorm,BATCHNORM_FWD_INFERENCE1527544652351167844<CUDNN_BATC...,2.051024,25690112
resnetv19_stage2_relu3_fwd,Relu,ACTIVATION_FWD6799485797667927710<CUDNN_ACTIVATION_RE...,1.167922,38535168
resnetv19_stage2_batchnorm6_fwd,BatchNorm,BATCHNORM_FWD_INFERENCE12927673252549650035<CUDNN_BAT...,8.121146,102760448
resnetv19_stage2_activation1,Relu,ACTIVATION_FWD17872007209646640521<CUDNN_ACTIVATION_R...,4.614092,154140672
resnetv19_stage2_batchnorm7_fwd,BatchNorm,BATCHNORM_FWD_INFERENCE1527544652351167844<CUDNN_BATC...,2.051024,25690112
resnetv19_stage2_relu4_fwd,Relu,ACTIVATION_FWD6799485797667927710<CUDNN_ACTIVATION_RE...,1.167922,38535168
resnetv19_stage2_batchnorm8_fwd,BatchNorm,BATCHNORM_FWD_INFERENCE1527544652351167844<CUDNN_BATC...,2.051024,25690112
resnetv19_stage2_relu5_fwd,Relu,ACTIVATION_FWD6799485797667927710<CUDNN_ACTIVATION_RE...,1.167922,38535168
resnetv19_stage2_batchnorm9_fwd,BatchNorm,BATCHNORM_FWD_INFERENCE12927673252549650035<CUDNN_BAT...,8.121146,102760448
resnetv19_stage2_activation2,Relu,ACTIVATION_FWD17872007209646640521<CUDNN_ACTIVATION_R...,4.614092,154140672
resnetv19_stage2_batchnorm10_fwd,BatchNorm,BATCHNORM_FWD_INFERENCE1527544652351167844<CUDNN_BATC...,2.051024,25690112
resnetv19_stage2_relu6_fwd,Relu,ACTIVATION_FWD6799485797667927710<CUDNN_ACTIVATION_RE...,1.167922,38535168
resnetv19_stage2_batchnorm11_fwd,BatchNorm,BATCHNORM_FWD_INFERENCE1527544652351167844<CUDNN_BATC...,2.051024,25690112
resnetv19_stage2_relu7_fwd,Relu,ACTIVATION_FWD6799485797667927710<CUDNN_ACTIVATION_RE...,1.167922,38535168
resnetv19_stage2_batchnorm12_fwd,BatchNorm,BATCHNORM_FWD_INFERENCE12927673252549650035<CUDNN_BAT...,8.121146,102760448
resnetv19_stage2_activation3,Relu,ACTIVATION_FWD17872007209646640521<CUDNN_ACTIVATION_R...,4.614092,154140672
resnetv19_stage2_batchnorm13_fwd,BatchNorm,BATCHNORM_FWD_INFERENCE1527544652351167844<CUDNN_BATC...,2.051024,25690112
resnetv19_stage2_relu8_fwd,Relu,ACTIVATION_FWD6799485797667927710<CUDNN_ACTIVATION_RE...,1.167922,38535168
resnetv19_stage2_batchnorm14_fwd,BatchNorm,BATCHNORM_FWD_INFERENCE1527544652351167844<CUDNN_BATC...,2.051024,25690112
resnetv19_stage2_relu9_fwd,Relu,ACTIVATION_FWD6799485797667927710<CUDNN_ACTIVATION_RE...,1.167922,38535168
resnetv19_stage2_batchnorm15_fwd,BatchNorm,BATCHNORM_FWD_INFERENCE12927673252549650035<CUDNN_BAT...,8.121146,102760448
resnetv19_stage2_activation4,Relu,ACTIVATION_FWD17872007209646640521<CUDNN_ACTIVATION_R...,4.614092,154140672
resnetv19_stage2_batchnorm16_fwd,BatchNorm,BATCHNORM_FWD_INFERENCE1527544652351167844<CUDNN_BATC...,2.051024,25690112
resnetv19_stage2_relu10_fwd,Relu,ACTIVATION_FWD6799485797667927710<CUDNN_ACTIVATION_RE...,1.167922,38535168
resnetv19_stage2_batchnorm17_fwd,BatchNorm,BATCHNORM_FWD_INFERENCE1527544652351167844<CUDNN_BATC...,2.051024,25690112
resnetv19_stage2_relu11_fwd,Relu,ACTIVATION_FWD6799485797667927710<CUDNN_ACTIVATION_RE...,1.167922,38535168
resnetv19_stage2_batchnorm18_fwd,BatchNorm,BATCHNORM_FWD_INFERENCE12927673252549650035<CUDNN_BAT...,8.121146,102760448
resnetv19_stage2_activation5,Relu,ACTIVATION_FWD17872007209646640521<CUDNN_ACTIVATION_R...,4.614092,154140672
resnetv19_stage2_batchnorm19_fwd,BatchNorm,BATCHNORM_FWD_INFERENCE1527544652351167844<CUDNN_BATC...,2.051024,25690112
resnetv19_stage2_relu12_fwd,Relu,ACTIVATION_FWD6799485797667927710<CUDNN_ACTIVATION_RE...,1.167922,38535168
resnetv19_stage2_batchnorm20_fwd,BatchNorm,BATCHNORM_FWD_INFERENCE1527544652351167844<CUDNN_BATC...,2.051024,25690112
resnetv19_stage2_relu13_fwd,Relu,ACTIVATION_FWD6799485797667927710<CUDNN_ACTIVATION_RE...,1.167922,38535168
resnetv19_stage2_batchnorm21_fwd,BatchNorm,BATCHNORM_FWD_INFERENCE12927673252549650035<CUDNN_BAT...,8.121146,102760448
resnetv19_stage2_activation6,Relu,ACTIVATION_FWD17872007209646640521<CUDNN_ACTIVATION_R...,4.614092,154140672
resnetv19_stage2_batchnorm22_fwd,BatchNorm,BATCHNORM_FWD_INFERENCE1527544652351167844<CUDNN_BATC...,2.051024,25690112
resnetv19_stage2_relu14_fwd,Relu,ACTIVATION_FWD6799485797667927710<CUDNN_ACTIVATION_RE...,1.167922,38535168
resnetv19_stage2_batchnorm23_fwd,BatchNorm,BATCHNORM_FWD_INFERENCE1527544652351167844<CUDNN_BATC...,2.051024,25690112
resnetv19_stage2_relu15_fwd,Relu,ACTIVATION_FWD6799485797667927710<CUDNN_ACTIVATION_RE...,1.167922,38535168
resnetv19_stage2_batchnorm24_fwd,BatchNorm,BATCHNORM_FWD_INFERENCE12927673252549650035<CUDNN_BAT...,8.121146,102760448
resnetv19_stage2_activation7,Relu,ACTIVATION_FWD17872007209646640521<CUDNN_ACTIVATION_R...,4.614092,154140672
resnetv19_stage3_batchnorm0_fwd,BatchNorm,BATCHNORM_FWD_INFERENCE4111009754183053891<CUDNN_BATC...,0.961374,12845056
resnetv19_stage3_relu0_fwd,Relu,ACTIVATION_FWD8242555014862608825<CUDNN_ACTIVATION_RE...,0.585822,19267584
resnetv19_stage3_batchnorm1_fwd,BatchNorm,BATCHNORM_FWD_INFERENCE4111009754183053891<CUDNN_BATC...,0.961374,12845056
resnetv19_stage3_relu1_fwd,Relu,ACTIVATION_FWD8242555014862608825<CUDNN_ACTIVATION_RE...,0.585822,19267584
resnetv19_stage3_batchnorm2_fwd,BatchNorm,BATCHNORM_FWD_INFERENCE1425650437197619315<CUDNN_BATC...,4.070721,51380224
resnetv19_stage3_batchnorm3_fwd,BatchNorm,BATCHNORM_FWD_INFERENCE1425650437197619315<CUDNN_BATC...,4.070721,51380224
resnetv19_stage3_activation0,Relu,ACTIVATION_FWD6387969106677877641<CUDNN_ACTIVATION_RE...,2.327486,77070336
resnetv19_stage3_batchnorm4_fwd,BatchNorm,BATCHNORM_FWD_INFERENCE4111009754183053891<CUDNN_BATC...,0.961374,12845056
resnetv19_stage3_relu2_fwd,Relu,ACTIVATION_FWD8242555014862608825<CUDNN_ACTIVATION_RE...,0.585822,19267584
resnetv19_stage3_batchnorm5_fwd,BatchNorm,BATCHNORM_FWD_INFERENCE4111009754183053891<CUDNN_BATC...,0.961374,12845056
resnetv19_stage3_relu3_fwd,Relu,ACTIVATION_FWD8242555014862608825<CUDNN_ACTIVATION_RE...,0.585822,19267584
resnetv19_stage3_batchnorm6_fwd,BatchNorm,BATCHNORM_FWD_INFERENCE1425650437197619315<CUDNN_BATC...,4.070721,51380224
resnetv19_stage3_activation1,Relu,ACTIVATION_FWD6387969106677877641<CUDNN_ACTIVATION_RE...,2.327486,77070336
resnetv19_stage3_batchnorm7_fwd,BatchNorm,BATCHNORM_FWD_INFERENCE4111009754183053891<CUDNN_BATC...,0.961374,12845056
resnetv19_stage3_relu4_fwd,Relu,ACTIVATION_FWD8242555014862608825<CUDNN_ACTIVATION_RE...,0.585822,19267584
resnetv19_stage3_batchnorm8_fwd,BatchNorm,BATCHNORM_FWD_INFERENCE4111009754183053891<CUDNN_BATC...,0.961374,12845056
resnetv19_stage3_relu5_fwd,Relu,ACTIVATION_FWD8242555014862608825<CUDNN_ACTIVATION_RE...,0.585822,19267584
resnetv19_stage3_batchnorm9_fwd,BatchNorm,BATCHNORM_FWD_INFERENCE1425650437197619315<CUDNN_BATC...,4.070721,51380224
resnetv19_stage3_activation2,Relu,ACTIVATION_FWD6387969106677877641<CUDNN_ACTIVATION_RE...,2.327486,77070336
resnetv19_stage3_batchnorm10_fwd,BatchNorm,BATCHNORM_FWD_INFERENCE4111009754183053891<CUDNN_BATC...,0.961374,12845056
resnetv19_stage3_relu6_fwd,Relu,ACTIVATION_FWD8242555014862608825<CUDNN_ACTIVATION_RE...,0.585822,19267584
resnetv19_stage3_batchnorm11_fwd,BatchNorm,BATCHNORM_FWD_INFERENCE4111009754183053891<CUDNN_BATC...,0.961374,12845056
resnetv19_stage3_relu7_fwd,Relu,ACTIVATION_FWD8242555014862608825<CUDNN_ACTIVATION_RE...,0.585822,19267584
resnetv19_stage3_batchnorm12_fwd,BatchNorm,BATCHNORM_FWD_INFERENCE1425650437197619315<CUDNN_BATC...,4.070721,51380224
resnetv19_stage3_activation3,Relu,ACTIVATION_FWD6387969106677877641<CUDNN_ACTIVATION_RE...,2.327486,77070336
resnetv19_stage3_batchnorm13_fwd,BatchNorm,BATCHNORM_FWD_INFERENCE4111009754183053891<CUDNN_BATC...,0.961374,12845056
resnetv19_stage3_relu8_fwd,Relu,ACTIVATION_FWD8242555014862608825<CUDNN_ACTIVATION_RE...,0.585822,19267584
resnetv19_stage3_batchnorm14_fwd,BatchNorm,BATCHNORM_FWD_INFERENCE4111009754183053891<CUDNN_BATC...,0.961374,12845056
resnetv19_stage3_relu9_fwd,Relu,ACTIVATION_FWD8242555014862608825<CUDNN_ACTIVATION_RE...,0.585822,19267584
resnetv19_stage3_batchnorm15_fwd,BatchNorm,BATCHNORM_FWD_INFERENCE1425650437197619315<CUDNN_BATC...,4.070721,51380224
resnetv19_stage3_activation4,Relu,ACTIVATION_FWD6387969106677877641<CUDNN_ACTIVATION_RE...,2.327486,77070336
resnetv19_stage3_batchnorm16_fwd,BatchNorm,BATCHNORM_FWD_INFERENCE4111009754183053891<CUDNN_BATC...,0.961374,12845056
resnetv19_stage3_relu10_fwd,Relu,ACTIVATION_FWD8242555014862608825<CUDNN_ACTIVATION_RE...,0.585822,19267584
resnetv19_stage3_batchnorm17_fwd,BatchNorm,BATCHNORM_FWD_INFERENCE4111009754183053891<CUDNN_BATC...,0.961374,12845056
resnetv19_stage3_relu11_fwd,Relu,ACTIVATION_FWD8242555014862608825<CUDNN_ACTIVATION_RE...,0.585822,19267584
resnetv19_stage3_batchnorm18_fwd,BatchNorm,BATCHNORM_FWD_INFERENCE1425650437197619315<CUDNN_BATC...,4.070721,51380224
resnetv19_stage3_activation5,Relu,ACTIVATION_FWD6387969106677877641<CUDNN_ACTIVATION_RE...,2.327486,77070336
resnetv19_stage3_batchnorm19_fwd,BatchNorm,BATCHNORM_FWD_INFERENCE4111009754183053891<CUDNN_BATC...,0.961374,12845056
resnetv19_stage3_relu12_fwd,Relu,ACTIVATION_FWD8242555014862608825<CUDNN_ACTIVATION_RE...,0.585822,19267584
resnetv19_stage3_batchnorm20_fwd,BatchNorm,BATCHNORM_FWD_INFERENCE4111009754183053891<CUDNN_BATC...,0.961374,12845056
resnetv19_stage3_relu13_fwd,Relu,ACTIVATION_FWD8242555014862608825<CUDNN_ACTIVATION_RE...,0.585822,19267584
resnetv19_stage3_batchnorm21_fwd,BatchNorm,BATCHNORM_FWD_INFERENCE1425650437197619315<CUDNN_BATC...,4.070721,51380224
resnetv19_stage3_activation6,Relu,ACTIVATION_FWD6387969106677877641<CUDNN_ACTIVATION_RE...,2.327486,77070336
resnetv19_stage3_batchnorm22_fwd,BatchNorm,BATCHNORM_FWD_INFERENCE4111009754183053891<CUDNN_BATC...,0.961374,12845056
resnetv19_stage3_relu14_fwd,Relu,ACTIVATION_FWD8242555014862608825<CUDNN_ACTIVATION_RE...,0.585822,19267584
resnetv19_stage3_batchnorm23_fwd,BatchNorm,BATCHNORM_FWD_INFERENCE4111009754183053891<CUDNN_BATC...,0.961374,12845056
resnetv19_stage3_relu15_fwd,Relu,ACTIVATION_FWD8242555014862608825<CUDNN_ACTIVATION_RE...,0.585822,19267584
resnetv19_stage3_batchnorm24_fwd,BatchNorm,BATCHNORM_FWD_INFERENCE1425650437197619315<CUDNN_BATC...,4.070721,51380224
resnetv19_stage3_activation7,Relu,ACTIVATION_FWD6387969106677877641<CUDNN_ACTIVATION_RE...,2.327486,77070336
resnetv19_stage3_batchnorm25_fwd,BatchNorm,BATCHNORM_FWD_INFERENCE4111009754183053891<CUDNN_BATC...,0.961374,12845056
resnetv19_stage3_relu16_fwd,Relu,ACTIVATION_FWD8242555014862608825<CUDNN_ACTIVATION_RE...,0.585822,19267584
resnetv19_stage3_batchnorm26_fwd,BatchNorm,BATCHNORM_FWD_INFERENCE4111009754183053891<CUDNN_BATC...,0.961374,12845056
resnetv19_stage3_relu17_fwd,Relu,ACTIVATION_FWD8242555014862608825<CUDNN_ACTIVATION_RE...,0.585822,19267584
resnetv19_stage3_batchnorm27_fwd,BatchNorm,BATCHNORM_FWD_INFERENCE1425650437197619315<CUDNN_BATC...,4.070721,51380224
resnetv19_stage3_activation8,Relu,ACTIVATION_FWD6387969106677877641<CUDNN_ACTIVATION_RE...,2.327486,77070336
resnetv19_stage3_batchnorm28_fwd,BatchNorm,BATCHNORM_FWD_INFERENCE4111009754183053891<CUDNN_BATC...,0.961374,12845056
resnetv19_stage3_relu18_fwd,Relu,ACTIVATION_FWD8242555014862608825<CUDNN_ACTIVATION_RE...,0.585822,19267584
resnetv19_stage3_batchnorm29_fwd,BatchNorm,BATCHNORM_FWD_INFERENCE4111009754183053891<CUDNN_BATC...,0.961374,12845056
resnetv19_stage3_relu19_fwd,Relu,ACTIVATION_FWD8242555014862608825<CUDNN_ACTIVATION_RE...,0.585822,19267584
resnetv19_stage3_batchnorm30_fwd,BatchNorm,BATCHNORM_FWD_INFERENCE1425650437197619315<CUDNN_BATC...,4.070721,51380224
resnetv19_stage3_activation9,Relu,ACTIVATION_FWD6387969106677877641<CUDNN_ACTIVATION_RE...,2.327486,77070336
resnetv19_stage3_batchnorm31_fwd,BatchNorm,BATCHNORM_FWD_INFERENCE4111009754183053891<CUDNN_BATC...,0.961374,12845056
resnetv19_stage3_relu20_fwd,Relu,ACTIVATION_FWD8242555014862608825<CUDNN_ACTIVATION_RE...,0.585822,19267584
resnetv19_stage3_batchnorm32_fwd,BatchNorm,BATCHNORM_FWD_INFERENCE4111009754183053891<CUDNN_BATC...,0.961374,12845056
resnetv19_stage3_relu21_fwd,Relu,ACTIVATION_FWD8242555014862608825<CUDNN_ACTIVATION_RE...,0.585822,19267584
resnetv19_stage3_batchnorm33_fwd,BatchNorm,BATCHNORM_FWD_INFERENCE1425650437197619315<CUDNN_BATC...,4.070721,51380224
resnetv19_stage3_activation10,Relu,ACTIVATION_FWD6387969106677877641<CUDNN_ACTIVATION_RE...,2.327486,77070336
resnetv19_stage3_batchnorm34_fwd,BatchNorm,BATCHNORM_FWD_INFERENCE4111009754183053891<CUDNN_BATC...,0.961374,12845056
resnetv19_stage3_relu22_fwd,Relu,ACTIVATION_FWD8242555014862608825<CUDNN_ACTIVATION_RE...,0.585822,19267584
resnetv19_stage3_batchnorm35_fwd,BatchNorm,BATCHNORM_FWD_INFERENCE4111009754183053891<CUDNN_BATC...,0.961374,12845056
resnetv19_stage3_relu23_fwd,Relu,ACTIVATION_FWD8242555014862608825<CUDNN_ACTIVATION_RE...,0.585822,19267584
resnetv19_stage3_batchnorm36_fwd,BatchNorm,BATCHNORM_FWD_INFERENCE1425650437197619315<CUDNN_BATC...,4.070721,51380224
resnetv19_stage3_activation11,Relu,ACTIVATION_FWD6387969106677877641<CUDNN_ACTIVATION_RE...,2.327486,77070336
resnetv19_stage3_batchnorm37_fwd,BatchNorm,BATCHNORM_FWD_INFERENCE4111009754183053891<CUDNN_BATC...,0.961374,12845056
resnetv19_stage3_relu24_fwd,Relu,ACTIVATION_FWD8242555014862608825<CUDNN_ACTIVATION_RE...,0.585822,19267584
resnetv19_stage3_batchnorm38_fwd,BatchNorm,BATCHNORM_FWD_INFERENCE4111009754183053891<CUDNN_BATC...,0.961374,12845056
resnetv19_stage3_relu25_fwd,Relu,ACTIVATION_FWD8242555014862608825<CUDNN_ACTIVATION_RE...,0.585822,19267584
resnetv19_stage3_batchnorm39_fwd,BatchNorm,BATCHNORM_FWD_INFERENCE1425650437197619315<CUDNN_BATC...,4.070721,51380224
resnetv19_stage3_activation12,Relu,ACTIVATION_FWD6387969106677877641<CUDNN_ACTIVATION_RE...,2.327486,77070336
resnetv19_stage3_batchnorm40_fwd,BatchNorm,BATCHNORM_FWD_INFERENCE4111009754183053891<CUDNN_BATC...,0.961374,12845056
resnetv19_stage3_relu26_fwd,Relu,ACTIVATION_FWD8242555014862608825<CUDNN_ACTIVATION_RE...,0.585822,19267584
resnetv19_stage3_batchnorm41_fwd,BatchNorm,BATCHNORM_FWD_INFERENCE4111009754183053891<CUDNN_BATC...,0.961374,12845056
resnetv19_stage3_relu27_fwd,Relu,ACTIVATION_FWD8242555014862608825<CUDNN_ACTIVATION_RE...,0.585822,19267584
resnetv19_stage3_batchnorm42_fwd,BatchNorm,BATCHNORM_FWD_INFERENCE1425650437197619315<CUDNN_BATC...,4.070721,51380224
resnetv19_stage3_activation13,Relu,ACTIVATION_FWD6387969106677877641<CUDNN_ACTIVATION_RE...,2.327486,77070336
resnetv19_stage3_batchnorm43_fwd,BatchNorm,BATCHNORM_FWD_INFERENCE4111009754183053891<CUDNN_BATC...,0.961374,12845056
resnetv19_stage3_relu28_fwd,Relu,ACTIVATION_FWD8242555014862608825<CUDNN_ACTIVATION_RE...,0.585822,19267584
resnetv19_stage3_batchnorm44_fwd,BatchNorm,BATCHNORM_FWD_INFERENCE4111009754183053891<CUDNN_BATC...,0.961374,12845056
resnetv19_stage3_relu29_fwd,Relu,ACTIVATION_FWD8242555014862608825<CUDNN_ACTIVATION_RE...,0.585822,19267584
resnetv19_stage3_batchnorm45_fwd,BatchNorm,BATCHNORM_FWD_INFERENCE1425650437197619315<CUDNN_BATC...,4.070721,51380224
resnetv19_stage3_activation14,Relu,ACTIVATION_FWD6387969106677877641<CUDNN_ACTIVATION_RE...,2.327486,77070336
resnetv19_stage3_batchnorm46_fwd,BatchNorm,BATCHNORM_FWD_INFERENCE4111009754183053891<CUDNN_BATC...,0.961374,12845056
resnetv19_stage3_relu30_fwd,Relu,ACTIVATION_FWD8242555014862608825<CUDNN_ACTIVATION_RE...,0.585822,19267584
resnetv19_stage3_batchnorm47_fwd,BatchNorm,BATCHNORM_FWD_INFERENCE4111009754183053891<CUDNN_BATC...,0.961374,12845056
resnetv19_stage3_relu31_fwd,Relu,ACTIVATION_FWD8242555014862608825<CUDNN_ACTIVATION_RE...,0.585822,19267584
resnetv19_stage3_batchnorm48_fwd,BatchNorm,BATCHNORM_FWD_INFERENCE1425650437197619315<CUDNN_BATC...,4.070721,51380224
resnetv19_stage3_activation15,Relu,ACTIVATION_FWD6387969106677877641<CUDNN_ACTIVATION_RE...,2.327486,77070336
resnetv19_stage3_batchnorm49_fwd,BatchNorm,BATCHNORM_FWD_INFERENCE4111009754183053891<CUDNN_BATC...,0.961374,12845056
resnetv19_stage3_relu32_fwd,Relu,ACTIVATION_FWD8242555014862608825<CUDNN_ACTIVATION_RE...,0.585822,19267584
resnetv19_stage3_batchnorm50_fwd,BatchNorm,BATCHNORM_FWD_INFERENCE4111009754183053891<CUDNN_BATC...,0.961374,12845056
resnetv19_stage3_relu33_fwd,Relu,ACTIVATION_FWD8242555014862608825<CUDNN_ACTIVATION_RE...,0.585822,19267584
resnetv19_stage3_batchnorm51_fwd,BatchNorm,BATCHNORM_FWD_INFERENCE1425650437197619315<CUDNN_BATC...,4.070721,51380224
resnetv19_stage3_activation16,Relu,ACTIVATION_FWD6387969106677877641<CUDNN_ACTIVATION_RE...,2.327486,77070336
resnetv19_stage3_batchnorm52_fwd,BatchNorm,BATCHNORM_FWD_INFERENCE4111009754183053891<CUDNN_BATC...,0.961374,12845056
resnetv19_stage3_relu34_fwd,Relu,ACTIVATION_FWD8242555014862608825<CUDNN_ACTIVATION_RE...,0.585822,19267584
resnetv19_stage3_batchnorm53_fwd,BatchNorm,BATCHNORM_FWD_INFERENCE4111009754183053891<CUDNN_BATC...,0.961374,12845056
resnetv19_stage3_relu35_fwd,Relu,ACTIVATION_FWD8242555014862608825<CUDNN_ACTIVATION_RE...,0.585822,19267584
resnetv19_stage3_batchnorm54_fwd,BatchNorm,BATCHNORM_FWD_INFERENCE1425650437197619315<CUDNN_BATC...,4.070721,51380224
resnetv19_stage3_activation17,Relu,ACTIVATION_FWD6387969106677877641<CUDNN_ACTIVATION_RE...,2.327486,77070336
resnetv19_stage3_batchnorm55_fwd,BatchNorm,BATCHNORM_FWD_INFERENCE4111009754183053891<CUDNN_BATC...,0.961374,12845056
resnetv19_stage3_relu36_fwd,Relu,ACTIVATION_FWD8242555014862608825<CUDNN_ACTIVATION_RE...,0.585822,19267584
resnetv19_stage3_batchnorm56_fwd,BatchNorm,BATCHNORM_FWD_INFERENCE4111009754183053891<CUDNN_BATC...,0.961374,12845056
resnetv19_stage3_relu37_fwd,Relu,ACTIVATION_FWD8242555014862608825<CUDNN_ACTIVATION_RE...,0.585822,19267584
resnetv19_stage3_batchnorm57_fwd,BatchNorm,BATCHNORM_FWD_INFERENCE1425650437197619315<CUDNN_BATC...,4.070721,51380224
resnetv19_stage3_activation18,Relu,ACTIVATION_FWD6387969106677877641<CUDNN_ACTIVATION_RE...,2.327486,77070336
resnetv19_stage3_batchnorm58_fwd,BatchNorm,BATCHNORM_FWD_INFERENCE4111009754183053891<CUDNN_BATC...,0.961374,12845056
resnetv19_stage3_relu38_fwd,Relu,ACTIVATION_FWD8242555014862608825<CUDNN_ACTIVATION_RE...,0.585822,19267584
resnetv19_stage3_batchnorm59_fwd,BatchNorm,BATCHNORM_FWD_INFERENCE4111009754183053891<CUDNN_BATC...,0.961374,12845056
resnetv19_stage3_relu39_fwd,Relu,ACTIVATION_FWD8242555014862608825<CUDNN_ACTIVATION_RE...,0.585822,19267584
resnetv19_stage3_batchnorm60_fwd,BatchNorm,BATCHNORM_FWD_INFERENCE1425650437197619315<CUDNN_BATC...,4.070721,51380224
resnetv19_stage3_activation19,Relu,ACTIVATION_FWD6387969106677877641<CUDNN_ACTIVATION_RE...,2.327486,77070336
resnetv19_stage3_batchnorm61_fwd,BatchNorm,BATCHNORM_FWD_INFERENCE4111009754183053891<CUDNN_BATC...,0.961374,12845056
resnetv19_stage3_relu40_fwd,Relu,ACTIVATION_FWD8242555014862608825<CUDNN_ACTIVATION_RE...,0.585822,19267584
resnetv19_stage3_batchnorm62_fwd,BatchNorm,BATCHNORM_FWD_INFERENCE4111009754183053891<CUDNN_BATC...,0.961374,12845056
resnetv19_stage3_relu41_fwd,Relu,ACTIVATION_FWD8242555014862608825<CUDNN_ACTIVATION_RE...,0.585822,19267584
resnetv19_stage3_batchnorm63_fwd,BatchNorm,BATCHNORM_FWD_INFERENCE1425650437197619315<CUDNN_BATC...,4.070721,51380224
resnetv19_stage3_activation20,Relu,ACTIVATION_FWD6387969106677877641<CUDNN_ACTIVATION_RE...,2.327486,77070336
resnetv19_stage3_batchnorm64_fwd,BatchNorm,BATCHNORM_FWD_INFERENCE4111009754183053891<CUDNN_BATC...,0.961374,12845056
resnetv19_stage3_relu42_fwd,Relu,ACTIVATION_FWD8242555014862608825<CUDNN_ACTIVATION_RE...,0.585822,19267584
resnetv19_stage3_batchnorm65_fwd,BatchNorm,BATCHNORM_FWD_INFERENCE4111009754183053891<CUDNN_BATC...,0.961374,12845056
resnetv19_stage3_relu43_fwd,Relu,ACTIVATION_FWD8242555014862608825<CUDNN_ACTIVATION_RE...,0.585822,19267584
resnetv19_stage3_batchnorm66_fwd,BatchNorm,BATCHNORM_FWD_INFERENCE1425650437197619315<CUDNN_BATC...,4.070721,51380224
resnetv19_stage3_activation21,Relu,ACTIVATION_FWD6387969106677877641<CUDNN_ACTIVATION_RE...,2.327486,77070336
resnetv19_stage3_batchnorm67_fwd,BatchNorm,BATCHNORM_FWD_INFERENCE4111009754183053891<CUDNN_BATC...,0.961374,12845056
resnetv19_stage3_relu44_fwd,Relu,ACTIVATION_FWD8242555014862608825<CUDNN_ACTIVATION_RE...,0.585822,19267584
resnetv19_stage3_batchnorm68_fwd,BatchNorm,BATCHNORM_FWD_INFERENCE4111009754183053891<CUDNN_BATC...,0.961374,12845056
resnetv19_stage3_relu45_fwd,Relu,ACTIVATION_FWD8242555014862608825<CUDNN_ACTIVATION_RE...,0.585822,19267584
resnetv19_stage3_batchnorm69_fwd,BatchNorm,BATCHNORM_FWD_INFERENCE1425650437197619315<CUDNN_BATC...,4.070721,51380224
resnetv19_stage3_activation22,Relu,ACTIVATION_FWD6387969106677877641<CUDNN_ACTIVATION_RE...,2.327486,77070336
resnetv19_stage3_batchnorm70_fwd,BatchNorm,BATCHNORM_FWD_INFERENCE4111009754183053891<CUDNN_BATC...,0.961374,12845056
resnetv19_stage3_relu46_fwd,Relu,ACTIVATION_FWD8242555014862608825<CUDNN_ACTIVATION_RE...,0.585822,19267584
resnetv19_stage3_batchnorm71_fwd,BatchNorm,BATCHNORM_FWD_INFERENCE4111009754183053891<CUDNN_BATC...,0.961374,12845056
resnetv19_stage3_relu47_fwd,Relu,ACTIVATION_FWD8242555014862608825<CUDNN_ACTIVATION_RE...,0.585822,19267584
resnetv19_stage3_batchnorm72_fwd,BatchNorm,BATCHNORM_FWD_INFERENCE1425650437197619315<CUDNN_BATC...,4.070721,51380224
resnetv19_stage3_activation23,Relu,ACTIVATION_FWD6387969106677877641<CUDNN_ACTIVATION_RE...,2.327486,77070336
resnetv19_stage3_batchnorm73_fwd,BatchNorm,BATCHNORM_FWD_INFERENCE4111009754183053891<CUDNN_BATC...,0.961374,12845056
resnetv19_stage3_relu48_fwd,Relu,ACTIVATION_FWD8242555014862608825<CUDNN_ACTIVATION_RE...,0.585822,19267584
resnetv19_stage3_batchnorm74_fwd,BatchNorm,BATCHNORM_FWD_INFERENCE4111009754183053891<CUDNN_BATC...,0.961374,12845056
resnetv19_stage3_relu49_fwd,Relu,ACTIVATION_FWD8242555014862608825<CUDNN_ACTIVATION_RE...,0.585822,19267584
resnetv19_stage3_batchnorm75_fwd,BatchNorm,BATCHNORM_FWD_INFERENCE1425650437197619315<CUDNN_BATC...,4.070721,51380224
resnetv19_stage3_activation24,Relu,ACTIVATION_FWD6387969106677877641<CUDNN_ACTIVATION_RE...,2.327486,77070336
resnetv19_stage3_batchnorm76_fwd,BatchNorm,BATCHNORM_FWD_INFERENCE4111009754183053891<CUDNN_BATC...,0.961374,12845056
resnetv19_stage3_relu50_fwd,Relu,ACTIVATION_FWD8242555014862608825<CUDNN_ACTIVATION_RE...,0.585822,19267584
resnetv19_stage3_batchnorm77_fwd,BatchNorm,BATCHNORM_FWD_INFERENCE4111009754183053891<CUDNN_BATC...,0.961374,12845056
resnetv19_stage3_relu51_fwd,Relu,ACTIVATION_FWD8242555014862608825<CUDNN_ACTIVATION_RE...,0.585822,19267584
resnetv19_stage3_batchnorm78_fwd,BatchNorm,BATCHNORM_FWD_INFERENCE1425650437197619315<CUDNN_BATC...,4.070721,51380224
resnetv19_stage3_activation25,Relu,ACTIVATION_FWD6387969106677877641<CUDNN_ACTIVATION_RE...,2.327486,77070336
resnetv19_stage3_batchnorm79_fwd,BatchNorm,BATCHNORM_FWD_INFERENCE4111009754183053891<CUDNN_BATC...,0.961374,12845056
resnetv19_stage3_relu52_fwd,Relu,ACTIVATION_FWD8242555014862608825<CUDNN_ACTIVATION_RE...,0.585822,19267584
resnetv19_stage3_batchnorm80_fwd,BatchNorm,BATCHNORM_FWD_INFERENCE4111009754183053891<CUDNN_BATC...,0.961374,12845056
resnetv19_stage3_relu53_fwd,Relu,ACTIVATION_FWD8242555014862608825<CUDNN_ACTIVATION_RE...,0.585822,19267584
resnetv19_stage3_batchnorm81_fwd,BatchNorm,BATCHNORM_FWD_INFERENCE1425650437197619315<CUDNN_BATC...,4.070721,51380224
resnetv19_stage3_activation26,Relu,ACTIVATION_FWD6387969106677877641<CUDNN_ACTIVATION_RE...,2.327486,77070336
resnetv19_stage3_batchnorm82_fwd,BatchNorm,BATCHNORM_FWD_INFERENCE4111009754183053891<CUDNN_BATC...,0.961374,12845056
resnetv19_stage3_relu54_fwd,Relu,ACTIVATION_FWD8242555014862608825<CUDNN_ACTIVATION_RE...,0.585822,19267584
resnetv19_stage3_batchnorm83_fwd,BatchNorm,BATCHNORM_FWD_INFERENCE4111009754183053891<CUDNN_BATC...,0.961374,12845056
resnetv19_stage3_relu55_fwd,Relu,ACTIVATION_FWD8242555014862608825<CUDNN_ACTIVATION_RE...,0.585822,19267584
resnetv19_stage3_batchnorm84_fwd,BatchNorm,BATCHNORM_FWD_INFERENCE1425650437197619315<CUDNN_BATC...,4.070721,51380224
resnetv19_stage3_activation27,Relu,ACTIVATION_FWD6387969106677877641<CUDNN_ACTIVATION_RE...,2.327486,77070336
resnetv19_stage3_batchnorm85_fwd,BatchNorm,BATCHNORM_FWD_INFERENCE4111009754183053891<CUDNN_BATC...,0.961374,12845056
resnetv19_stage3_relu56_fwd,Relu,ACTIVATION_FWD8242555014862608825<CUDNN_ACTIVATION_RE...,0.585822,19267584
resnetv19_stage3_batchnorm86_fwd,BatchNorm,BATCHNORM_FWD_INFERENCE4111009754183053891<CUDNN_BATC...,0.961374,12845056
resnetv19_stage3_relu57_fwd,Relu,ACTIVATION_FWD8242555014862608825<CUDNN_ACTIVATION_RE...,0.585822,19267584
resnetv19_stage3_batchnorm87_fwd,BatchNorm,BATCHNORM_FWD_INFERENCE1425650437197619315<CUDNN_BATC...,4.070721,51380224
resnetv19_stage3_activation28,Relu,ACTIVATION_FWD6387969106677877641<CUDNN_ACTIVATION_RE...,2.327486,77070336
resnetv19_stage3_batchnorm88_fwd,BatchNorm,BATCHNORM_FWD_INFERENCE4111009754183053891<CUDNN_BATC...,0.961374,12845056
resnetv19_stage3_relu58_fwd,Relu,ACTIVATION_FWD8242555014862608825<CUDNN_ACTIVATION_RE...,0.585822,19267584
resnetv19_stage3_batchnorm89_fwd,BatchNorm,BATCHNORM_FWD_INFERENCE4111009754183053891<CUDNN_BATC...,0.961374,12845056
resnetv19_stage3_relu59_fwd,Relu,ACTIVATION_FWD8242555014862608825<CUDNN_ACTIVATION_RE...,0.585822,19267584
resnetv19_stage3_batchnorm90_fwd,BatchNorm,BATCHNORM_FWD_INFERENCE1425650437197619315<CUDNN_BATC...,4.070721,51380224
resnetv19_stage3_activation29,Relu,ACTIVATION_FWD6387969106677877641<CUDNN_ACTIVATION_RE...,2.327486,77070336
resnetv19_stage3_batchnorm91_fwd,BatchNorm,BATCHNORM_FWD_INFERENCE4111009754183053891<CUDNN_BATC...,0.961374,12845056
resnetv19_stage3_relu60_fwd,Relu,ACTIVATION_FWD8242555014862608825<CUDNN_ACTIVATION_RE...,0.585822,19267584
resnetv19_stage3_batchnorm92_fwd,BatchNorm,BATCHNORM_FWD_INFERENCE4111009754183053891<CUDNN_BATC...,0.961374,12845056
resnetv19_stage3_relu61_fwd,Relu,ACTIVATION_FWD8242555014862608825<CUDNN_ACTIVATION_RE...,0.585822,19267584
resnetv19_stage3_batchnorm93_fwd,BatchNorm,BATCHNORM_FWD_INFERENCE1425650437197619315<CUDNN_BATC...,4.070721,51380224
resnetv19_stage3_activation30,Relu,ACTIVATION_FWD6387969106677877641<CUDNN_ACTIVATION_RE...,2.327486,77070336
resnetv19_stage3_batchnorm94_fwd,BatchNorm,BATCHNORM_FWD_INFERENCE4111009754183053891<CUDNN_BATC...,0.961374,12845056
resnetv19_stage3_relu62_fwd,Relu,ACTIVATION_FWD8242555014862608825<CUDNN_ACTIVATION_RE...,0.585822,19267584
resnetv19_stage3_batchnorm95_fwd,BatchNorm,BATCHNORM_FWD_INFERENCE4111009754183053891<CUDNN_BATC...,0.961374,12845056
resnetv19_stage3_relu63_fwd,Relu,ACTIVATION_FWD8242555014862608825<CUDNN_ACTIVATION_RE...,0.585822,19267584
resnetv19_stage3_batchnorm96_fwd,BatchNorm,BATCHNORM_FWD_INFERENCE1425650437197619315<CUDNN_BATC...,4.070721,51380224
resnetv19_stage3_activation31,Relu,ACTIVATION_FWD6387969106677877641<CUDNN_ACTIVATION_RE...,2.327486,77070336
resnetv19_stage3_batchnorm97_fwd,BatchNorm,BATCHNORM_FWD_INFERENCE4111009754183053891<CUDNN_BATC...,0.961374,12845056
resnetv19_stage3_relu64_fwd,Relu,ACTIVATION_FWD8242555014862608825<CUDNN_ACTIVATION_RE...,0.585822,19267584
resnetv19_stage3_batchnorm98_fwd,BatchNorm,BATCHNORM_FWD_INFERENCE4111009754183053891<CUDNN_BATC...,0.961374,12845056
resnetv19_stage3_relu65_fwd,Relu,ACTIVATION_FWD8242555014862608825<CUDNN_ACTIVATION_RE...,0.585822,19267584
resnetv19_stage3_batchnorm99_fwd,BatchNorm,BATCHNORM_FWD_INFERENCE1425650437197619315<CUDNN_BATC...,4.070721,51380224
resnetv19_stage3_activation32,Relu,ACTIVATION_FWD6387969106677877641<CUDNN_ACTIVATION_RE...,2.327486,77070336
resnetv19_stage3_batchnorm100_fwd,BatchNorm,BATCHNORM_FWD_INFERENCE4111009754183053891<CUDNN_BATC...,0.961374,12845056
resnetv19_stage3_relu66_fwd,Relu,ACTIVATION_FWD8242555014862608825<CUDNN_ACTIVATION_RE...,0.585822,19267584
resnetv19_stage3_batchnorm101_fwd,BatchNorm,BATCHNORM_FWD_INFERENCE4111009754183053891<CUDNN_BATC...,0.961374,12845056
resnetv19_stage3_relu67_fwd,Relu,ACTIVATION_FWD8242555014862608825<CUDNN_ACTIVATION_RE...,0.585822,19267584
resnetv19_stage3_batchnorm102_fwd,BatchNorm,BATCHNORM_FWD_INFERENCE1425650437197619315<CUDNN_BATC...,4.070721,51380224
resnetv19_stage3_activation33,Relu,ACTIVATION_FWD6387969106677877641<CUDNN_ACTIVATION_RE...,2.327486,77070336
resnetv19_stage3_batchnorm103_fwd,BatchNorm,BATCHNORM_FWD_INFERENCE4111009754183053891<CUDNN_BATC...,0.961374,12845056
resnetv19_stage3_relu68_fwd,Relu,ACTIVATION_FWD8242555014862608825<CUDNN_ACTIVATION_RE...,0.585822,19267584
resnetv19_stage3_batchnorm104_fwd,BatchNorm,BATCHNORM_FWD_INFERENCE4111009754183053891<CUDNN_BATC...,0.961374,12845056
resnetv19_stage3_relu69_fwd,Relu,ACTIVATION_FWD8242555014862608825<CUDNN_ACTIVATION_RE...,0.585822,19267584
resnetv19_stage3_batchnorm105_fwd,BatchNorm,BATCHNORM_FWD_INFERENCE1425650437197619315<CUDNN_BATC...,4.070721,51380224
resnetv19_stage3_activation34,Relu,ACTIVATION_FWD6387969106677877641<CUDNN_ACTIVATION_RE...,2.327486,77070336
resnetv19_stage3_batchnorm106_fwd,BatchNorm,BATCHNORM_FWD_INFERENCE4111009754183053891<CUDNN_BATC...,0.961374,12845056
resnetv19_stage3_relu70_fwd,Relu,ACTIVATION_FWD8242555014862608825<CUDNN_ACTIVATION_RE...,0.585822,19267584
resnetv19_stage3_batchnorm107_fwd,BatchNorm,BATCHNORM_FWD_INFERENCE4111009754183053891<CUDNN_BATC...,0.961374,12845056
resnetv19_stage3_relu71_fwd,Relu,ACTIVATION_FWD8242555014862608825<CUDNN_ACTIVATION_RE...,0.585822,19267584
resnetv19_stage3_batchnorm108_fwd,BatchNorm,BATCHNORM_FWD_INFERENCE1425650437197619315<CUDNN_BATC...,4.070721,51380224
resnetv19_stage3_activation35,Relu,ACTIVATION_FWD6387969106677877641<CUDNN_ACTIVATION_RE...,2.327486,77070336
resnetv19_stage4_batchnorm0_fwd,BatchNorm,BATCHNORM_FWD_INFERENCE10775093444449351339<CUDNN_BAT...,0.292582,6422528
resnetv19_stage4_relu0_fwd,Relu,ACTIVATION_FWD16061700958344977745<CUDNN_ACTIVATION_R...,0.302506,9633792
resnetv19_stage4_batchnorm1_fwd,BatchNorm,BATCHNORM_FWD_INFERENCE10775093444449351339<CUDNN_BAT...,0.292582,6422528
resnetv19_stage4_relu1_fwd,Relu,ACTIVATION_FWD16061700958344977745<CUDNN_ACTIVATION_R...,0.302506,9633792
resnetv19_stage4_batchnorm2_fwd,BatchNorm,BATCHNORM_FWD_INFERENCE5310608166849288768<CUDNN_BATC...,2.051273,25690112
resnetv19_stage4_batchnorm3_fwd,BatchNorm,BATCHNORM_FWD_INFERENCE5310608166849288768<CUDNN_BATC...,2.051273,25690112
resnetv19_stage4_activation0,Relu,ACTIVATION_FWD206422828309295546<CUDNN_ACTIVATION_REL...,1.168006,38535168
resnetv19_stage4_batchnorm4_fwd,BatchNorm,BATCHNORM_FWD_INFERENCE10775093444449351339<CUDNN_BAT...,0.292582,6422528
resnetv19_stage4_relu2_fwd,Relu,ACTIVATION_FWD16061700958344977745<CUDNN_ACTIVATION_R...,0.302506,9633792
resnetv19_stage4_batchnorm5_fwd,BatchNorm,BATCHNORM_FWD_INFERENCE10775093444449351339<CUDNN_BAT...,0.292582,6422528
resnetv19_stage4_relu3_fwd,Relu,ACTIVATION_FWD16061700958344977745<CUDNN_ACTIVATION_R...,0.302506,9633792
resnetv19_stage4_batchnorm6_fwd,BatchNorm,BATCHNORM_FWD_INFERENCE5310608166849288768<CUDNN_BATC...,2.051273,25690112
resnetv19_stage4_activation1,Relu,ACTIVATION_FWD206422828309295546<CUDNN_ACTIVATION_REL...,1.168006,38535168
resnetv19_stage4_batchnorm7_fwd,BatchNorm,BATCHNORM_FWD_INFERENCE10775093444449351339<CUDNN_BAT...,0.292582,6422528
resnetv19_stage4_relu4_fwd,Relu,ACTIVATION_FWD16061700958344977745<CUDNN_ACTIVATION_R...,0.302506,9633792
resnetv19_stage4_batchnorm8_fwd,BatchNorm,BATCHNORM_FWD_INFERENCE10775093444449351339<CUDNN_BAT...,0.292582,6422528
resnetv19_stage4_relu5_fwd,Relu,ACTIVATION_FWD16061700958344977745<CUDNN_ACTIVATION_R...,0.302506,9633792
resnetv19_stage4_batchnorm9_fwd,BatchNorm,BATCHNORM_FWD_INFERENCE5310608166849288768<CUDNN_BATC...,2.051273,25690112
resnetv19_stage4_activation2,Relu,ACTIVATION_FWD206422828309295546<CUDNN_ACTIVATION_REL...,1.168006,38535168
resnetv19_dense0_fwd,Gemm,GEMM_FWD16937435199922785188,0.330322,524416000
,,Total,679.665441,14043837440
